00100000
00001000
00000000
00000101
00100000
00001001
00000000
00001010
00000001
00001001
00001010
00100000
00000001
00001000
00001000
00100010
10101101
00001000
00000000
00000000
00110001
00001100
00000000
00001111
00110100
00001101
00000000
00001010
00000001
10001101
00001110
00100101
10101101
00001110
00000000
00000100
00000001
00001001
00001111
00101010
00010001
00001111
00000000
00000001
00101001
00001010
00000000
00010100
00000001
01001111
00001000
00100000
10101101
00001000
00000000
00001000
00001000
00000000
00000000
00000001
00000000
00000000
00000000
00000000